#matrix 24 12
0.15892	0.05134	0.08557	0.05379	0.11002	0.09780	0.05623	0.12225	0.05379	0.09046	0.04890	0.07090
0.07090	0.15892	0.05134	0.08557	0.05379	0.11002	0.09780	0.05623	0.12225	0.05379	0.09046	0.04890
0.04890	0.07090	0.15892	0.05134	0.08557	0.05379	0.11002	0.09780	0.05623	0.12225	0.05379	0.09046
0.09046	0.04890	0.07090	0.15892	0.05134	0.08557	0.05379	0.11002	0.09780	0.05623	0.12225	0.05379
0.05379	0.09046	0.04890	0.07090	0.15892	0.05134	0.08557	0.05379	0.11002	0.09780	0.05623	0.12225
0.12225	0.05379	0.09046	0.04890	0.07090	0.15892	0.05134	0.08557	0.05379	0.11002	0.09780	0.05623
0.05623	0.12225	0.05379	0.09046	0.04890	0.07090	0.15892	0.05134	0.08557	0.05379	0.11002	0.09780
0.09780	0.05623	0.12225	0.05379	0.09046	0.04890	0.07090	0.15892	0.05134	0.08557	0.05379	0.11002
0.11002	0.09780	0.05623	0.12225	0.05379	0.09046	0.04890	0.07090	0.15892	0.05134	0.08557	0.05379
0.05379	0.11002	0.09780	0.05623	0.12225	0.05379	0.09046	0.04890	0.07090	0.15892	0.05134	0.08557
0.08557	0.05379	0.11002	0.09780	0.05623	0.12225	0.05379	0.09046	0.04890	0.07090	0.15892	0.05134
0.05134	0.08557	0.05379	0.11002	0.09780	0.05623	0.12225	0.05379	0.09046	0.04890	0.07090	0.15892
0.14541	0.06040	0.07830	0.12304	0.05593	0.07830	0.05593	0.11186	0.08949	0.06264	0.07159	0.06711
0.06711	0.14541	0.06040	0.07830	0.12304	0.05593	0.07830	0.05593	0.11186	0.08949	0.06264	0.07159
0.07159	0.06711	0.14541	0.06040	0.07830	0.12304	0.05593	0.07830	0.05593	0.11186	0.08949	0.06264
0.06264	0.07159	0.06711	0.14541	0.06040	0.07830	0.12304	0.05593	0.07830	0.05593	0.11186	0.08949
0.08949	0.06264	0.07159	0.06711	0.14541	0.06040	0.07830	0.12304	0.05593	0.07830	0.05593	0.11186
0.11186	0.08949	0.06264	0.07159	0.06711	0.14541	0.06040	0.07830	0.12304	0.05593	0.07830	0.05593
0.05593	0.11186	0.08949	0.06264	0.07159	0.06711	0.14541	0.06040	0.07830	0.12304	0.05593	0.07830
0.07830	0.05593	0.11186	0.08949	0.06264	0.07159	0.06711	0.14541	0.06040	0.07830	0.12304	0.05593
0.05593	0.07830	0.05593	0.11186	0.08949	0.06264	0.07159	0.06711	0.14541	0.06040	0.07830	0.12304
0.12304	0.05593	0.07830	0.05593	0.11186	0.08949	0.06264	0.07159	0.06711	0.14541	0.06040	0.07830
0.07830	0.12304	0.05593	0.07830	0.05593	0.11186	0.08949	0.06264	0.07159	0.06711	0.14541	0.06040
0.06040	0.07830	0.12304	0.05593	0.07830	0.05593	0.11186	0.08949	0.06264	0.07159	0.06711	0.14541